4030 9488 7567 6206 3790 4309 4365 4334 1486 7076 1705 8213 8913 2741 6153 9390 2202 1581 6069 1822
2814 6660 2401 3726 9582 7402 4699 4823 0731 5847 1254 4445 2942 1321 8055 9064 0532 8722 9900 6163
1494 5379 8355 5014 8793 1520 5530 4003 4648 9843 9673 8344 2749 0331 8410 1746 8360 7491 8160 0444
9094 8592 3709 8308 9750 3035 0229 7276 3100 5026 1134 8210 4716 3972 9060 3502 4041 9586 4020 4199
5783 1641 2288 1267 5387 7450 1948 2689 9892 3776 6201 5581 0754 3588 3493 5181 8380 2359 4324 0703
9080 2956 8221 1336 3848 3034 0725 4432 5016 3849 9528 1845 1179 4904 0901 9738 2984 4450 2407 1791
2400 1978 5593 5633 5904 5120 2776 7636 7638 0054 5390 1692 2062 1461 7434 3512 6879 5352 6455 3157
6069 5701 6285 4984 9771 3660 0244 6028 2436 6430 0886 0940 3192 1292 2556 4038 2687 9229 5960 6773
8796 1651 9781 1963 9537 3238 2962 4529 5301 3682 2677 2141 4073 1187 7286 8168 2694 1000 0541 3652
4433 2948 3239 4623 8123 2992 1126 6034 6960 5133 3363 3797 5684 1674 4151 1991 3305 1781 1215 3185
4827 0591 8754 5962 9442 3671 9214 5273 4615 4560 7750 8013 5105 6314 5639 8375 3563 1532 4025 4920
4580 9135 7394 4085 7270 0368 6945 2892 2366 0914 7638 6987 8595 0820 9109 8828 9666 9003 9878 4822
7579 4504 6307 9537 0178 2380 2629 9727 0854 8151 6031 0814 6170 1045 1245 3763 2757 2932 2402 0807
8328 6836 6015 4350 2893 6134 7842 4583 5326 3183 8143 7809 7342 3998 4370 9302 1614 3830 7682 1648
3275 6980 9845 1912 4402 3093 0060 8774 9164 1245 7037 3786 3303 2666 0273 9287 5359 2677 5849 9217
8624 2524 6360 8021 2211 2190 1566 7178 6774 5970 6256 8498 5507 3637 4464 8252 3769 1347 4628 6455
1419 8092 8645 1176 0311 5473 8788 8615 5704 0821 0441 5880 4414 6326 5297 4861 4378 9687 9228 2458
0062 5023 1352 4473 5592 6337 6042 7970 2860 9626 7559 9604 4942 3900 7791 5502 6173 5828 1199 1648
8920 7524 7462 2384 3715 2036 1576 8668 3764 6537 3150 6996 7071 8917 1568 4553 9401 9497 1271 6062
9136 5922 1966 3057 0737 5955 1804 6855 6922 9839 7704 2391 0994 1186 5914 1221 9746 2915 7596 8540
